-22.500
11.400
9.850
-8.600
-4.900
-2.150
7.800
-3.800
12.100
1.000
10.700
10.150
-1.400
7.600
0.800
10.200
3.800
3.300
-1.400
2.400
1.200
4.600
-19.700
3.000
17.200
-15.600
19.700
17.200
15.900
-8.700
-9.800
3.200
-1.800
17.000
1.800
29.900
29.900
27.600
31.700
24.700
-27.000
27.300
-35.200
-19.300
28.200
25.500
-8.600
12.800
13.100
1.700
3.800
-2.900
-10.700
1.400
-21.600
11.500
21.900
-31.400
20.100
-11.000
10.800
7.200
9.500
-13.300
6.000
25.000
-5.000
35.300
23.700
25.400
-19.600
-13.400
21.800
25.100
5.900
-22.300
13.400
15.100
4.000
-2.100
5.200
3.800
-3.500
0.100
-11.200
9.700
2.300
5.000
12.700
10.100
14.200
-11.700
22.700
-13.400
25.000
23.500
16.800
21.200
-12.500
23.700
-13.400
17.200
-5.100
15.200
-3.600
4.900
1.400
5.900
31.900
34.300
26.400
21.200
-4.700
15.800
19.400
11.900
1.800
22.400
4.800
5.800
5.500
-1.500
11.200
25.400
-13.700
23.000
32.200
33.100
31.100
31.700
-4.000
26.200
32.400
-15.200
30.200
28.400
-11.900
31.300
23.700
2.800
-8.500
26.800
-14.900
