 1  7.846 2062
 2  5.807 2062 7858
 3  4.907 9217 7065 3528
 4  4.294 9789 1546 716 3417
 5  3.992 3266 4297 716 5318 9217
 6  3.832 8176 9831 9789 1533 9113 960
 7  3.710 4544 9789 6665 7531 9700 7194 3266
 8  3.503 7659 2045 7543 9217 8176 947 5136 9789
 9  3.438 1080 5907 9017 1434 7543 1128 22 7781 3266
10  3.280 960 2045 9789 3859 7543 6885 7659 1128 6272 4874
11  3.272 960 9017 22 3098 7543 5907 6885 1286 4991 1546 9789
12  3.212 1128 9119 9113 7659 9789 4426 7543 2249 9017 8176 34 7781
13  3.143 3266 4811 1102 5907 559 4544 1128 6885 7659 9119 9789 7543 3098
14  3.162 1546 5907 9789 6900 3859 6176 1434 9113 7659 1128 1102 3266 7543 3098
15  3.150 5907 8176 9789 3266 4752 6224 7531 183 7659 8630 7543 4874 1128 7740 1102
16  3.113 9921 6176 9789 5136 4544 7659 3098 7543 9119 6469 9113 7284 3266 5907 1128 8176
17  3.063 9273 5907 3098 1128 1627 7573 29 9017 6885 4544 9217 9789 7659 7543 674 1134 3953
18  3.084 7543 4184 3266 9217 5907 5158 9789 3098 9113 8669 3595 4544 7659 1942 9273 8176 9351 1128
19  3.062 2139 9113 7781 3859 5907 4426 7543 2783 1128 3098 3266 8176 9789 1102 7659 9119 1434 34 9017
20  3.063 7659 7194 3098 6176 716 9217 9119 34 7573 3266 9789 1128 9273 1102 3859 5907 5891 5122 9113 7543
21  3.080 3266 326 29 7659 3098 9273 34 4544 9217 9789 1128 9119 5907 716 9017 7543 1816 7005 8176 5891 2191
22  3.052 1128 7284 9113 34 9789 3098 9921 7543 1102 4544 7659 9217 7194 9119 4426 3266 7531 5907 4954 8392 9017 3859
23  3.068 9113 4874 5537 1128 5907 2045 9119 6224 4811 4544 3266 34 7543 5891 9789 716 7531 1134 9273 1393 3098 4297 7659
24  3.048 8176 9273 3098 5891 7598 6176 784 3859 8285 1102 1128 9119 9113 9351 9217 9789 3266 4544 7543 5907 7659 4184 6908 7065
25  3.037 4426 7531 8176 3859 4544 674 5907 4015 34 9113 9273 1134 9017 1128 9789 9217 5891 5158 7659 6224 3098 2062 29 7543 4954
26  3.054 1102 7659 4954 34 7531 3098 326 5891 8176 9119 7543 1128 9217 5537 8285 29 4184 4015 5702 9113 9789 4544 5907 1134 3859 716
27  3.056 2284 6885 9217 3266 7659 4544 7595 5907 29 1816 8176 4874 3953 9789 9017 2045 1128 7531 7574 3859 304 3098 4426 9119 7543 1464 8392
28  3.029 3098 674 9017 9273 716 784 7531 3266 29 4874 947 9217 1102 8392 5891 5907 1134 4954 9113 7543 7194 4544 1128 3859 34 9789 6224 7659
29  3.045 1128 7531 9017 759 4184 5907 9789 8734 3859 960 8176 4297 1464 7659 7543 3266 716 6224 34 3098 2045 7595 1102 4544 1134 9113 9217 5891 7194
30  3.069 9017 4297 8176 4544 7531 9113 2351 3859 7543 4874 5891 8285 29 304 3098 5907 1102 9217 34 9119 326 7642 7659 8392 9789 1464 1128 2062 3266 8669
31  3.039 6224 1134 2045 29 7531 1128 3859 7005 7543 4015 6176 7194 3098 4297 4426 9119 9789 7598 9273 9217 8176 5891 5907 9017 4544 4184 7781 34 4752 7659 3266
32  3.050 1134 3266 6224 9113 6762 8392 29 4544 1128 3098 5907 7194 674 5537 9017 4426 5891 4954 8844 7659 4874 3859 9273 9217 4752 7531 4015 1102 7543 9119 9789 2284
33  3.064 7543 8176 34 9119 4426 3953 5537 2045 9217 4015 1134 5907 1102 9113 2609 716 3098 7642 2432 4874 5891 9789 7531 3859 304 9017 3552 7659 4184 1128 4297 9273 7573
34  3.067 7573 4991 1134 4954 5891 3098 3397 4874 304 7659 9217 9119 8285 1464 784 7598 1102 5907 3266 1128 4930 9789 9273 3859 7543 4544 9113 6176 4349 8392 7531 9017 4184 2045
35  3.068 1464 34 3266 784 7531 4752 4991 1128 7659 8176 7543 1102 6224 3528 9789 9017 5158 2045 716 3098 9113 2062 3859 2560 9273 4374 9119 9217 1134 960 759 5907 4954 183 5891
36  3.041 4544 4752 3528 1102 1128 3859 6762 4426 2284 2045 8176 5891 9113 1134 7598 8285 7659 7543 960 3266 5907 7531 9789 7194 7573 4954 4184 29 9217 9017 9119 7781 6224 4874 34 3098
37  3.058 8176 34 4184 5988 7543 9789 9217 1128 5907 9113 1134 4752 7531 304 5891 29 3098 1102 4544 9273 7623 3266 7194 3859 7642 4426 7573 9017 8392 8321 4954 7659 4991 8285 8231 2045 9119
38  3.067 9017 1403 7659 7194 8176 4544 9119 1102 4184 784 9217 4930 9113 2740 2284 5891 3266 3983 2045 304 960 8392 4874 1128 8285 716 7543 9273 5907 7642 3098 7531 7219 7598 4426 3859 34 9789
39  3.071 1102 784 1134 7642 3098 4374 5158 9119 29 6176 6224 3266 674 34 9217 9789 8176 1128 5907 2062 960 183 8392 6885 7543 4752 4426 5891 8285 4544 1286 3859 5537 4954 4015 7659 9017 9273 2284
40  3.058 5907 4015 674 9217 183 5537 8392 9789 7642 9119 8285 2284 1134 9273 960 9831 9017 319 9113 29 4954 784 7659 4752 34 7858 7543 6224 4544 5891 3859 3266 1128 2062 4874 7531 1102 304 1393 3098
41  3.068 9217 5891 960 34 1102 1403 304 8176 2609 6224 3528 5907 7598 9113 716 9789 4954 5158 8392 3859 3098 1393 183 2045 3953 1128 9119 4752 7659 29 7531 4874 4426 1464 2922 4184 9273 3266 1134 7543 9017
42  3.065 29 9119 9017 3859 304 3266 2284 1546 3098 1464 7659 9217 7531 6224 6885 2045 7574 960 4374 9273 7543 759 8392 9789 8285 7642 7194 4752 4874 5907 8321 8176 5158 4991 183 4544 1102 1134 4954 5891 1128 8231
43  3.066 7598 8392 4015 7543 2045 2284 3098 5988 6224 29 4184 8176 319 1128 9017 4544 5891 1134 4752 9119 759 9273 1102 304 7659 3859 34 9789 7858 5537 5907 9217 1464 4874 7194 716 4712 7531 3953 4426 3266 6885 4954
44  3.073 4874 7194 960 9831 2284 6885 3953 9119 4712 1134 5537 7644 9273 8321 9113 7543 8392 4544 716 4426 5158 9789 304 1464 3859 1128 7659 9017 5891 3528 9217 5907 674 4184 3266 8176 1102 6469 7573 1816 29 7642 3098 4954
45  3.059 784 3266 3859 3098 5907 1816 9940 2284 8176 9017 7194 1102 1128 716 7543 7598 1464 5158 7005 1134 9119 6762 7531 7573 4874 9113 2045 4184 3953 4954 5537 9789 960 7659 29 4544 9273 8285 8392 34 5891 304 4426 9217 7642
46  3.063 9217 4426 4954 9113 7659 960 8285 4544 716 9789 2284 1134 34 8392 616 9119 3953 9273 9017 29 7598 6091 6224 5158 2045 7642 7351 5907 1393 1102 5891 7573 7543 3098 1128 3266 784 304 5879 1816 4874 7531 3859 4184 4752 8176
47  3.065 5537 8285 5879 7573 8176 7598 960 6224 7531 5907 9017 1393 3266 9113 34 4426 1102 6091 3859 4752 3098 4874 8392 4184 5891 9273 2284 9217 2045 304 7543 29 7642 4544 9789 9119 7659 674 784 1134 4954 326 1128 1464 3953 319 7351
48  3.066 1393 2284 5907 8285 4874 3953 7194 9831 5158 4991 7642 1134 9119 7531 8392 4544 9017 4184 4426 1128 1464 674 960 304 9273 34 7543 9113 326 6224 4954 5537 9217 7598 5891 2045 7659 4752 8176 1102 3098 759 9789 3266 183 784 3859 29
49  3.081 5158 6224 2284 5907 9789 4184 183 2560 6091 8176 4544 960 7543 9017 1546 9217 5891 1816 2045 34 8285 1134 4954 1464 304 3266 4874 784 3953 4426 7531 1128 4991 8392 3098 716 9273 1393 9113 1102 7659 3859 7642 5537 759 9119 7644 326 6469
50  3.075 716 2062 7573 5537 5907 319 3859 674 6224 2609 1464 7644 9273 5891 1102 8392 7194 960 2045 2284 3953 29 616 7642 7659 183 1393 4954 7543 4752 7781 9113 5158 4426 1128 7531 4544 34 1134 9217 3266 4184 3098 9831 9789 8176 9017 9119 6091 304
